1
16777216 0 0.00420545
2
16777216 1 0.0041985
17
16777216 16 0.00481464
65
16777216 64 0.0041834
257
16777216 256 0.00497179
1025
16777216 1024 0.00713233
4099
16777216 4098 0.018379
1
67108864 0 0.0054814
2
67108864 1 0.00636541
17
67108864 16 0.00585052
65
67108864 64 0.00728295
257
67108864 256 0.00940102
1025
67108864 1024 0.0189005
4099
67108864 4098 0.0590256
1
268435456 0 0.0115155
2
268435456 1 0.011188
17
268435456 16 0.0120443
65
268435456 64 0.014165
257
268435456 256 0.0247672
1025
268435456 1024 0.0652082
4099
268435456 4098 0.226828
1
1073741824 0 0.034884
2
1073741824 1 0.0351555
17
1073741824 16 0.0374933
65
1073741824 64 0.0480344
257
1073741824 256 0.0876804
1025
1073741824 1024 0.248327
4099
1073741824 4098 0.893655
1
17179869184 0 0.505774
2
17179869184 1 0.504448
17
17179869184 16 0.544438
65
17179869184 64 0.695932
257
17179869184 256 1.34017
1025
17179869184 1024 3.91998
4099
17179869184 4098 14.2455
1
68719476736 0 2.01159
2
68719476736 1 2.01159
17
68719476736 16 2.16807
65
68719476736 64 2.77139
257
68719476736 256 5.35007
1025
68719476736 1024 15.6704
4099
68719476736 4098 56.9692
1
17179869184 0 0.506303
2
17179869184 1 0.507123
17
17179869184 16 0.547221
65
17179869184 64 0.69796
257
17179869184 256 1.3402
1025
17179869184 1024 3.9215
4099
17179869184 4098 14.2444
1
17179869184 0 0.506365
2
17179869184 1 0.507329
17
17179869184 16 0.545825
65
17179869184 64 0.69673
257
17179869184 256 1.3417
1025
17179869184 1024 3.92165
4099
17179869184 4098 14.2452
