1
16777216 0 0.329536
2
16777216 1 0.24207
17
16777216 16 0.219423
65
16777216 64 0.246225
257
16777216 256 0.229785
1025
16777216 1024 0.292574
4099
16777216 4098 0.288051
1
67108864 0 0.230361
2
67108864 1 0.223146
17
67108864 16 0.247546
65
67108864 64 0.239253
257
67108864 256 0.245183
1025
67108864 1024 0.252468
4099
67108864 4098 0.277047
1
268435456 0 0.243448
2
268435456 1 0.23302
17
268435456 16 0.225177
65
268435456 64 0.244322
257
268435456 256 0.235195
1025
268435456 1024 0.31892
4099
268435456 4098 0.441986
1
1073741824 0 0.257312
2
1073741824 1 0.247434
17
1073741824 16 0.261724
65
1073741824 64 0.287456
257
1073741824 256 0.323946
1025
1073741824 1024 0.478482
4099
1073741824 4098 1.12807
1
17179869184 0 2.19827
2
17179869184 1 0.96232
17
17179869184 16 1.57035
65
17179869184 64 2.43672
257
17179869184 256 4.2461
1025
17179869184 1024 4.29573
4099
17179869184 4098 16.7327
