1
16777216 0 0.00136503
2
16777216 1 0.00142968
17
16777216 16 0.00130923
65
16777216 64 0.00190178
257
16777216 256 0.00203003
1025
16777216 1024 0.00460589
4099
16777216 4098 0.0153644
1
67108864 0 0.00301558
2
67108864 1 0.00307084
17
67108864 16 0.00317734
65
67108864 64 0.00378368
257
67108864 256 0.00661602
1025
67108864 1024 0.0162986
4099
67108864 4098 0.0566347
1
268435456 0 0.0099588
2
268435456 1 0.0100359
17
268435456 16 0.0106268
65
268435456 64 0.013055
257
268435456 256 0.0229701
1025
268435456 1024 0.0631488
4099
268435456 4098 0.224284
1
1073741824 0 0.0368668
2
1073741824 1 0.0371151
17
1073741824 16 0.0395061
65
1073741824 64 0.0489764
257
1073741824 256 0.0893457
1025
1073741824 1024 0.25022
4099
1073741824 4098 0.894416
1
17179869184 0 0.57755
2
17179869184 1 0.578119
17
17179869184 16 0.617902
65
17179869184 64 0.766844
257
17179869184 256 1.41162
1025
17179869184 1024 3.98764
4099
17179869184 4098 14.2989
