1
16777216 0 0.00439708
2
16777216 1 0.00440821
17
16777216 16 0.0044439
65
16777216 64 0.0046612
257
16777216 256 0.00545661
1025
16777216 1024 0.00871219
4099
16777216 4098 0.0217843
1
67108864 0 0.0121693
2
67108864 1 0.012132
17
67108864 16 0.0123352
65
67108864 64 0.0131314
257
67108864 256 0.0163475
1025
67108864 1024 0.029436
4099
67108864 4098 0.0817506
1
268435456 0 0.0437644
2
268435456 1 0.0437404
17
268435456 16 0.0445073
65
268435456 64 0.0474892
257
268435456 256 0.0605954
1025
268435456 1024 0.112849
4099
268435456 4098 0.321823
1
1073741824 0 0.172389
2
1073741824 1 0.172342
17
1073741824 16 0.175486
65
1073741824 64 0.187694
257
1073741824 256 0.240217
1025
1073741824 1024 0.451078
4099
1073741824 4098 1.29467
1
17179869184 0 2.77687
2
17179869184 1 2.77725
17
17179869184 16 2.82841
65
17179869184 64 3.02169
257
17179869184 256 3.86386
1025
17179869184 1024 7.23616
4099
17179869184 4098 20.7345
1
68719476736 0 11.1144
2
68719476736 1 11.1152
17
68719476736 16 11.3199
65
68719476736 64 12.0948
257
68719476736 256 15.4632
1025
68719476736 1024 28.9523
4099
68719476736 4098 82.889
1
17179869184 0 2.77689
2
17179869184 1 2.77698
17
17179869184 16 2.82833
65
17179869184 64 3.02199
257
17179869184 256 3.86349
1025
17179869184 1024 7.23555
4099
17179869184 4098 20.7353
1
17179869184 0 2.77682
2
17179869184 1 2.77696
17
17179869184 16 2.82817
65
17179869184 64 3.02191
257
17179869184 256 3.86384
1025
17179869184 1024 7.23599
4099
17179869184 4098 20.7353
