1
16777216 0 1.01699
2
16777216 1 0.405762
17
16777216 16 0.413618
65
16777216 64 0.400397
257
16777216 256 0.401603
1025
16777216 1024 0.406321
4099
16777216 4098 0.416423
1
67108864 0 0.414685
2
67108864 1 0.414526
17
67108864 16 0.421688
65
67108864 64 0.416939
257
67108864 256 0.421199
1025
67108864 1024 0.443543
4099
67108864 4098 0.489313
1
268435456 0 0.478959
2
268435456 1 0.471524
17
268435456 16 0.469539
65
268435456 64 0.474949
257
268435456 256 0.491637
1025
268435456 1024 0.552643
4099
268435456 4098 0.76235
1
1073741824 0 0.776785
2
1073741824 1 0.699996
17
1073741824 16 0.787009
65
1073741824 64 0.792596
257
1073741824 256 0.762973
1025
1073741824 1024 0.977791
4099
1073741824 4098 1.88797
1
17179869184 0 6.2461
2
17179869184 1 5.56282
17
17179869184 16 5.56149
65
17179869184 64 6.22379
257
17179869184 256 6.65901
1025
17179869184 1024 11.1099
4099
17179869184 4098 23.4319
